# Created by Octave 3.8.2, Sun Jun 21 01:02:33 2015 IST <barunpatra@Baruns-MacBook-Pro.local>
# name: centroid_5
# type: matrix
# rows: 5
# columns: 951
 0.9513151655400178 0.8153118513893156 0.454632030421883 0.8416940743132035 0.9068543426137515 0.9432004242613649 0.8423596868765585 0.8833829215077154 0.9099988571123877 0.9339486368180613 0.9354328054862 0.9351033932146914 0.9160226918632044 0.9319437872598242 0.9200413354203292 0.9534435760795424 0.9408222109922066 0.346035370374524 0.9068080968849872 0.938644763360694 0.8455013490225791 0.9219528573965998 0.8965278804494848 0.9449645327063254 0.9382330177419949 0.9279927525176357 0.9086935098214832 0.9585227698707608 0.9325565599494597 0.9003133541287114 0.9499737129184541 0.9288967277885563 0.9278637408407661 0.94923013173362 0.9504772227290076 0.8120001168961372 0.9428588592656364 0.9407200489270355 0.9443413301973983 0.8896576803756946 0.9520890699989404 0.8084246126725749 0.9432707196114394 0.7891395511781714 0.9644794615982495 0.9178081723546426 0.9582914449656748 0.9585618676535469 0.8568464075164415 0.9403574082045963 0.9492384713742315 0.953645938800052 0.8084406944515502 0.9499108987710798 0.9132088157961706 0.9477504791700276 0.9301568808895762 0.9289200962827862 0.9266986369120785 0.95422396384519 0.9626422209706971 0.944760190029623 0.9622055125536767 0.9305952685357819 0.9591201651823392 0.9263662131839199 0.3590471027138057 0.9306700258376274 0.9067126878914196 0.9474450701298901 0.9373205241458078 0.776298196914452 0.9521208646911603 0.9606903520713748 0.1273984539494387 0.9593743769292611 0.9611132048872353 0.7717394786964037 0.9231867818234449 0.942668311245536 0.9384493591291476 0.9597462195463723 0.9344413404303039 0.9424829716341084 0.9274136202561919 0.9465564092590617 0.9321232428509237 0.9620626745131838 0.9626145949263533 0.9584924945438902 0.9607224589002015 0.8629144379555856 0.9623807176810049 0.9434950240121145 0.6596451653325757 0.9617641956113729 0.9534034644653776 0.8149908318671226 0.9580609893861631 0.9576330292776553 0.9369235310960962 0.9487937600297909 0.9595826100727641 0.9696103979219176 0.9527979276112115 0.8102964877618732 0.9650690567779332 0.9635431053202651 0.9644266073382221 0.9608163142245806 0.9253050277424757 0.8144852859430359 0.9376548656787884 0.9537484289957014 0.9592685477762473 0.95131865253708 0.9513955707054231 0.9499868738920111 0.9534984295692098 0.9554274834577031 0.953598109700093 0.9354204338361974 0.9315147478355343 0.9281843582104652 0.9330183366243751 0.9279660042897623 0.9390247433658571 0.9544494213390474 0.949502451063106 0.941022291335765 0.954755993590201 0.9580086519537995 0.9598005159159528 0.9351861987436784 0.9589782611123259 0.9487137141065171 0.9562464482775567 0.9603636459299221 0.941532613782249 0.8363071225792811 0.9421725083009432 0.9525463081651852 0.940771205738159 0.9300115477162186 0.9549793223179351 0.9606985356521166 0.8203145903200111 0.9361235552689156 0.9622574441913507 0.9566832583282122 0.9569133857705248 0.9510941654868494 0.9398099769476173 0.9485802806005981 0.9496718801359412 0.9540151995436291 0.770316023123778 0.9284032971765102 0.9564875329451686 0.946096741797621 0.6041297817115917 0.9514443247985188 0.9597140533586145 0.9435115446813832 0.8732338011400372 0.9656995521061044 0.9405038983859598 0.9422697175791682 0.9446676992508979 0.9604778881476813 0.9237150323739924 0.9273969773957051 0.9588755703523881 0.9471401539013717 0.9130620058575384 0.957668931373259 0.9391164613721212 0.9124074609853586 0.9577200021483607 0.9542736874708511 0.9208643766230904 0.9579145570613503 0.9502462055560751 0.9608686013655386 0.932914068144904 0.6451228891843206 0.9411140563403182 0.9565361014762012 0.946851780269068 0.9425305247368589 -0.03705992924081569 0.9632063737166168 0.92594483391919 0.9061927327830364 0.9362961709575951 0.7242779775492718 0.9561128671880912 0.9424721510107815 0.9542305809124519 0.9408025445460528 0.8854433789608986 0.9370337495107346 0.8704071187018535 0.9252718609128741 0.1600850992901841 0.9297015916050475 0.944162136124818 0.9468809606488732 0.9543395976590582 0.9176418031794852 0.9538072913014509 0.9388524849324598 0.9289995374845359 0.9389847070505112 0.9295258338065239 0.9255911725467784 0.943655083880899 0.9333475269826953 0.9555566712962579 0.9375844169074362 0.9392489553208504 0.9292686762583139 0.9551184598884009 0.9294127027323235 0.9559153867329828 0.9235588195595626 0.9571503599545612 0.9393162685153621 0.9573103665076854 0.9411528543472538 0.9341768518066693 0.9272620493659954 0.6744784565970182 0.9292559028035307 0.907946055856769 0.9447470710340529 0.9313916144205834 0.9509495006689018 0.9345179997542702 0.9367518907060871 0.9116959291513727 0.6912836191351842 0.9231520681880999 0.904696750706624 0.9581486831231795 0.9179509697809476 0.9553556418877373 0.9096663096530256 0.8234693007112275 0.953755980381641 0.9170228944517813 0.9556908917001432 0.9143920597904568 0.6002829733020703 0.9326128299539727 0.9256178442010835 0.9392446840985188 0.9382945569046823 0.7113293856215647 0.9333462965669732 0.9228279124229883 0.9418532046552568 0.9275479043589423 0.8810995473946944 0.9468324968827928 0.9276422372632006 0.9425504354061556 0.9511905396468426 0.9257164891380514 0.920827180428915 0.9256864414620474 0.8814044215539047 0.9224457521113892 0.8902735600384633 0.6799986840115073 0.9540556167691699 0.9320912908189132 0.952474035988684 0.954492444614232 0.9183536317052249 0.9285314264895217 0.93447798810571 0.9190048454124355 0.945976904023574 0.9390484236236072 0.9288554200573232 0.9530958945674185 0.9236350201796021 0.897145321796439 0.9378595511000145 0.9391959402566471 0.9217378871010153 0.9419511998181039 0.9361326104611604 0.9265517251668131 0.9397889870349511 0.9393608377128748 0.9285052979978294 0.9339211598040728 0.9465788599727314 0.9297410476602811 0.9502825029695083 0.9475812379325752 0.9267975669587406 0.762579233731652 0.9466711009086303 0.9459376673186821 0.8957903731979305 0.9358184246075998 0.9420597797836153 0.9251364419710043 0.9444127979111785 0.9486717690994836 0.9343928145407362 0.7599931949264245 0.9253505122497041 0.9283773307534006 0.913364709759271 0.9371438462940649 0.9248787299765177 0.934814394237455 0.6039551866185282 0.9516050240638412 0.9279225448774848 0.9200422081784331 0.9264840838182912 0.942338705874894 0.9340605528808916 0.8573158001958598 0.9526554269097639 0.9336014536558371 0.9391518885447113 0.04739852751190109 0.9492425520869593 0.9053051996636113 0.8806074670515652 0.928950935338456 0.9269032433266282 0.9012701922662127 0.8725991420065631 0.9317377498536504 0.9432963502366272 0.9296545398081791 0.8594314725813854 0.9311961518374443 0.9297255063688971 0.9346248331359556 0.8160673661039968 0.9435487750863215 0.9252934942896297 0.8880513582453454 0.8721321061935672 0.9275943467739044 0.9292027388868489 0.8808056295672286 0.8725009410210419 0.9243463303833888 0.9339112011932367 0.9346975767170924 0.8754379089332895 0.9398564988335779 0.9260990857787472 0.9201123849399762 0.9198990267956562 0.9271046462995517 0.9127450456534461 0.9199864497015102 0.8966738942666986 0.6835184038141187 0.9387157450820565 0.9352980148447481 0.9291600381232009 0.8528056931784197 0.9372030914761503 0.9426087442706561 0.9166854995711596 0.9099059924962328 0.5742520130856891 0.941235151583146 0.9283678962758806 0.9007568030724558 0.8520954653877826 0.9248314285026061 0.9495098559153861 0.9402610021911598 0.8843505669501358 0.7998667717821892 0.9109250314631859 0.9471201333666553 0.9394378742947224 0.9105351848515832 0.5722606490793013 0.9347732183280201 0.9463160878708504 0.9011566333058495 0.8689613828758895 0.0469865470647905 0.9377147980322815 0.9312144555218184 0.9155954124561333 0.8836089213871866 0.8186816922728314 0.9436453955010847 0.9397153336311831 0.9379841524392277 0.9198557624357034 0.8840871384845065 0.07479814411537078 0.9272371262820314 0.9332782385789379 0.9056256453900634 0.8467858230720727 0.6764609863447357 0.5773332092361342 0.9240330427137804 