# Created by Octave 3.8.2, Sat Jul 18 17:53:50 2015 IST <barunpatra@Baruns-MacBook-Pro.local>
# name: cen3
# type: matrix
# rows: 3
# columns: 951
 0.5787929360888191 0.5211508282276985 0.5724009830670997 0.5169817003093622 0.587680883034474 0.2373555463752365 0.6051049680131357 0.4379088182360857 0.2158280299839888 0.5952774662242253 0.5499944299884626 0.6151490072354796 0.5793529741860733 0.6087318503014992 0.5053485302934768 0.5096069993803115 0.6584885545479687 0.5268388888759037 0.579872533495429 0.680094326401976 0.5783750451075028 0.5247415237901626 0.6707660728910215 0.7127326037926882 0.7160819140822083 0.6862566082979037 0.7119115920606652 0.6377533975731936 0.08591353951916592 0.7221697625035416 0.6921931671035595 0.6232208344911396 0.7447218282924024 0.676762818454211 0.607064545811244 0.6106480634809202 0.6901481146528842 0.7513697889868597 0.5470479933710134 0.738755587595314 0.7588486674969437 0.7283423898826503 0.7392541165134242 0.74265130248351 0.7351736994231124 0.6539039028930705 0.7593745902435015 0.7560851345841033 0.6340090779738197 0.2633998137909578 0.7801368873046399 0.2570675615342325 0.6129550380243853 0.7838967302363543 0.7942769277655999 0.6242453417678567 0.7862764660165469 0.6928313287611 0.7823102777423456 0.809594513673123 0.7856339569646751 0.8053100647802037 0.7826728395095898 0.8009646683676488 0.8117501647068472 0.8126215315848999 0.2053013504136753 0.7738109393423723 0.8194720521522941 0.6355307702994846 0.829106353404759 0.7014448412405694 0.8333229070857535 0.8340255535852892 0.7193584713627786 0.8144105922697046 0.8364558670883459 0.8182349201095588 0.8448399588502349 0.8584269341037489 0.8463578611248497 0.8211839111996568 0.8473118885090583 0.8323362268279166 0.6177569589285021 0.8286892053266304 0.8471043105877843 0.8339248054066442 0.8128922193759887 0.8646448813264397 0.6649748567448028 0.8644143425291436 0.6095157230915812 0.8706623680287903 0.7639011823673797 0.866784653361716 0.8742870934357385 0.6732372861730943 0.8681794146902041 0.8878577288109647 0.8508767717554111 0.6316801200791483 0.8701462219481149 0.8689391296044279 0.882922703095701 0.8653358272658704 0.8822013383762014 0.8798163214331614 0.8776273484630921 0.8742614370995534 0.8877023808538088 0.8981388693041735 0.8812621880863093 0.8963561083923343 0.8919263968283389 0.2398349397535325 0.7628317036729748 0.8922728487363966 0.8911763041304768 0.8973193097336905 0.6345695394196318 0.8993473898881009 0.8917646043249554 0.02944999891171211 0.8976204564405581 0.8974406575759362 0.6094124928132358 0.9003096380804285 0.8933974945942271 0.8824401897666649 0.9041674961746848 0.8424235050422002 0.9013882912726032 0.8255304781224753 0.9014782525814435 0.8662599865812407 0.9094829723067611 0.9092319676842421 0.9111666893807018 0.9047182610929254 0.7410908540235189 0.9104950162030292 0.9079980738311828 0.5150656858942964 0.9135859052164425 0.9132524477328794 0.6167850596810204 0.9115467670154158 0.9141148921614248 0.8691871322514612 0.8999611130597409 0.8966346469288495 0.9156547754984738 0.8777818132432809 0.6459899073752648 0.9036381703674203 0.9168045465601854 0.924090163682818 0.9010482711719455 0.8474589128265806 0.605875494130632 0.8981222031407716 0.9232046604659561 0.9172651007443583 0.9225666795712387 0.9183364960137635 0.9228786677335707 0.900002013759171 0.8981856701991783 0.8764539271600749 0.8689328282617639 0.8650091628343903 0.8367532072222987 0.8199577648148131 0.8437951087730632 0.8318455984797244 0.8567914805691672 0.8636126337374577 0.8730579670718595 0.9085955125020565 0.92176611168879 0.9219380748577876 0.9132939817550448 0.9197243516731304 0.9145367547172134 0.9167737158587285 0.9107725189639945 0.9268815333877176 0.6057363096055473 0.8461883785903609 0.9109391577659324 0.9229781822014586 0.9215307124120337 0.9203368562236754 0.8965463322439755 0.6245664568628397 0.8783860215339135 0.9331162370248326 0.9267420202321957 0.9188088874039138 0.9273583666742778 0.8334419615217706 0.9148345789326291 0.929762873542481 0.9006610017347556 0.6199329662909706 0.8984469670024114 0.9240838974173841 0.9240340443228108 0.4903548947898576 0.8924594601322329 0.9235598192716328 0.9211405625809159 0.7040904175841635 0.9291334863298731 0.9269715038351435 0.9063873984394883 0.8735934638394532 0.9220504534897923 0.916017783381917 0.8143887166897105 0.9240678308167675 0.9223055122786883 0.7922607757006539 0.9262181882655837 0.9237769990024967 0.8181400972051617 0.9287970350542815 0.9186192807654523 0.8746506643978378 0.935706245578542 0.9136617669500566 0.8996580036212052 0.9232667886251239 0.5391064098590876 0.9332264247554132 0.9233631521570574 0.8707339650429615 0.9312103883346302 -0.04770386126181164 0.9317573354364663 0.9211438854275104 0.8710340547515024 0.9307537831774441 0.5733339271253326 0.9184436980062972 0.9172927559757099 0.9178971298506465 0.9238816168341953 0.8845637173919457 0.9276786086495421 0.7068502536464137 0.9401783944082525 0.1762186148923051 0.9305782781957794 0.9171579614073249 0.9278099327424786 0.9202725837614431 0.9303071993247227 0.9280606863409517 0.9138106466184892 0.9260381128764563 0.8931490875674329 0.9323294474770418 0.8692555800629496 0.9340208545009424 0.8607916469384396 0.9346883951179846 0.872990371246562 0.9171432306492123 0.8976346039300642 0.9291032216274105 0.9175625102469748 0.928621509827083 0.914315793407559 0.9183411559810416 0.9369732813133527 0.916154886803525 0.9285070568458209 0.910740755033701 0.9178101863040304 0.5466990849209021 0.9314774949358755 0.8070331428215279 0.9243400556977609 0.9009563218017851 0.9229702288111337 0.9291399968688073 0.9265837838111128 0.924356283855182 0.5418806555148583 0.9325575981644869 0.8746336381541848 0.9180306588871375 0.9098194216058931 0.9245179264554368 0.9281173703402451 0.6727332069151351 0.922845492307562 0.9140905531940124 0.9306405700526114 0.9279227651620283 0.4713934587535955 0.9249493773803591 0.8933402419283641 0.9213255695353941 0.91363257617844 0.5497278415299864 0.9272451543148627 0.8979269978446234 0.9152648164562646 0.9296704861409042 0.7775845436165353 0.9273388640101732 0.9160188830342199 0.9226894747151978 0.9308874931422823 0.8830244411842925 0.9268770320331235 0.9262796865275166 0.7659854151094495 0.926873420555628 0.9336951701837752 0.5229444851277807 0.9356744458272165 0.9264395993240767 0.9168914025157212 0.9371991504389855 0.8839429620469476 0.9246763688457837 0.9347153883845273 0.881506465377863 0.9293673475106201 0.9357117290015416 0.8738726687710323 0.9224483882604131 0.9316838750655764 0.8630664950834099 0.9088225028283926 0.9219204881538797 0.8784525071191041 0.9279870037479109 0.9294981416335401 0.8899561508256928 0.9217315357038439 0.9342935769580019 0.8992520816789434 0.9272870029375334 0.9400224203883127 0.9167646596852598 0.9294004021716874 0.9240248210141979 0.9104995520937729 0.5933145202972732 0.9396706165256046 0.9331180010523414 0.8069488534913433 0.926932606795012 0.9373773409902267 0.8965134916062127 0.9181049187251634 0.9172467321165533 0.9207965030111441 0.5624853374887611 0.916746112150793 0.9297367424110433 0.8692862308755928 0.9202141548345597 0.9322089647234316 0.9132727312744502 0.5036902706294806 0.9279974437959304 0.9217677214697033 0.8756401188598641 0.9157490610163109 0.9364895339912653 0.926065237623931 0.6978862355391926 0.9258862375215998 0.9318425767184038 0.9058549557529333 0.06192691387722214 0.926285333764696 0.9144629311936334 0.8677534739243891 0.9218820924081033 0.9098157910182224 0.9069109354168775 0.8069667837962271 0.9298323484441749 0.9221401692765669 0.919578973888771 0.7674725090162052 0.9271190749009922 0.9265917397560953 0.9227363813631686 0.7246951655813147 0.9166132645173898 0.9252067196052522 0.9234037965567777 0.7501301885838467 0.9322159748664114 0.925835617847752 0.9154632386817122 0.7818127522492734 0.9189956110835342 0.9235717376430247 0.9218202693142237 0.8290462820611288 0.9139475579075397 0.929006200677474 0.919890875653431 0.8836157747185241 0.9102003356697668 0.9312568636212586 