# Created by Octave 3.8.2, Sat Jul 18 18:21:57 2015 IST <barunpatra@Baruns-MacBook-Pro.local>
# name: cen5
# type: matrix
# rows: 5
# columns: 951
 0.7378869982637002 0.6754455185839375 0.7253781453661867 0.6993933579562367 0.7319269969681382 0.4010011434685741 0.7756309944221125 0.5768081077399267 0.3503150026494742 0.7165629948296396 0.7024656213747746 0.7470976260861583 0.7527934551588301 0.7502411647470084 0.6776867408704454 0.6271353561637848 0.7827537174553102 0.6943513164361947 0.7154138920762041 0.7806725090343627 0.6909810191666499 0.6541362761844554 0.809295711328987 0.7941258907300147 0.8119724418283149 0.8081886770159333 0.7931429039601896 0.7518629914379947 0.2233020071713513 0.7948542755827557 0.8151046203031658 0.7197714394467339 0.8364318439276907 0.7767732822446813 0.6991319960309429 0.7158200244641374 0.7782122121582848 0.8354976868718377 0.6294067849331866 0.8265185657652324 0.8203053547470265 0.8002937010262512 0.8312118535097793 0.818483517557804 0.8417552829371548 0.7727283479777823 0.8421925568006422 0.8184842299642446 0.7162263652803462 0.3694857916900084 0.8362892143995471 0.3429117286031792 0.7097042794757007 0.8437554295589097 0.8455117430234433 0.7114095633407065 0.8507812722331735 0.8151841760421348 0.8209301101126368 0.8457596592608435 0.8653038627750999 0.8662953850326898 0.8427936160712289 0.8724000144888693 0.8754182579554353 0.8268124309730398 0.2696270209937824 0.8222281220518236 0.857041286245651 0.6743112919337432 0.8568015386193885 0.7700276852695499 0.8591172223022268 0.872568523039798 0.7729573903412162 0.8467130492410808 0.8584781807279529 0.8552050051663067 0.862057842554812 0.8538442758877173 0.870867050311248 0.8657634000066274 0.8577800979585773 0.8771174724778554 0.6277049105688908 0.8412147158550306 0.8767609333953841 0.8481497953179794 0.8218886099376995 0.8755582187863452 0.6604451139131323 0.8702317015090204 0.5768213591266806 0.8557986494335493 0.7752438301747751 0.8720553268356553 0.8675159750012592 0.6085308001190888 0.8687861108855166 0.8650430243956426 0.8561273174700651 0.6374226627300671 0.8689050818318061 0.8501088216224547 0.8617881861855116 0.8831440202091235 0.8643439320115575 0.8715426275610905 0.8746555145328713 0.8681946344456821 0.860997386626284 0.881817247144392 0.8732890655403007 0.8657953559281615 0.8639592550614801 0.2672197533161497 0.7608134966578766 0.8534533907862988 0.8621796756937647 0.8638200771188017 0.6213267196398971 0.8547457044181703 0.8432111196510166 0.1158563879547037 0.8518352767388078 0.8796681502839582 0.5091608429203035 0.8534186958500742 0.8615906933168406 0.8450154592834871 0.8509286180333435 0.7992386030506561 0.878422941795048 0.7538653706085238 0.8683177763414199 0.8193003389042373 0.8635415106317662 0.8517237266842593 0.8531492256527654 0.8450406797483835 0.6641278507217245 0.8721352941115154 0.8668077643820256 0.44127761186819 0.8690780918178054 0.8400494390617138 0.5368781165719659 0.8638991409217973 0.8534304758855322 0.8221617244942296 0.8593781437020053 0.8445191957728544 0.8349544389058232 0.8178668722380975 0.5337746348389719 0.8642683217447767 0.8579690325603945 0.8569120154873527 0.8292849250993775 0.7934934392937754 0.5077622806460207 0.8378186335614531 0.8447722177041737 0.855510519842835 0.841424063596671 0.8538855662644558 0.8594250196421847 0.8392481700928417 0.8351765589885041 0.8323888782792952 0.7932798595828938 0.7800477610144957 0.7769241457128502 0.7880393026115061 0.7355703543292731 0.7729815240894837 0.7735361861856279 0.7694615534773658 0.8237442880221434 0.842645388129133 0.8328694788302187 0.8427764670156409 0.8252795361441 0.836651382066582 0.8643260118129545 0.8391972916125291 0.8394651849558007 0.8230667082200986 0.4766872184600924 0.7294640464294293 0.7988969443942131 0.8399690282151352 0.8319404089569505 0.8507906045426448 0.8394665361177085 0.4801145530251931 0.7542896488647088 0.8341438829997992 0.8317642789864886 0.836749733273902 0.8260128978251898 0.6994089718125115 0.7967448753751974 0.8394201068417503 0.8194478431868761 0.4394871880248769 0.7718478680172115 0.8445538572830626 0.8295379976043676 0.3834516707388619 0.789110181586439 0.8170193126017111 0.8290464992959831 0.5233217771777201 0.8302344353286786 0.8203514514090235 0.7967034996776881 0.7332304981737178 0.8175473892345991 0.80854573985183 0.6656288059100215 0.8109707129124137 0.8289826055997406 0.6104467108499753 0.7866914864765192 0.8239900228529861 0.6491795930283089 0.8140416062289066 0.8269055288032914 0.6575852673275626 0.8106306622440658 0.8319639359988177 0.7600573502293987 0.8306315446832675 0.3971558023216517 0.8234607056968583 0.8280520253857517 0.6953084325793311 0.8147471011379268 0.062303775052516 0.7838855669816135 0.812305251599192 0.6947474321417001 0.8014970513313928 0.3937726313406968 0.7939153484477125 0.7802234571585648 0.7504707705139907 0.7834485203463433 0.6446175501576269 0.8022414540176801 0.5105598287888504 0.7746869576242165 0.197475850812895 0.7802297153619248 0.7656995109136855 0.749164791974045 0.7955813445203139 0.7514539767027006 0.7850177871018348 0.7617690920918426 0.7914656729384568 0.7058062993708295 0.7944504298334211 0.6263222578691811 0.8055062134334726 0.6469718897353969 0.7873558179245383 0.6667549078860012 0.775275288779633 0.6678661076905327 0.7686917701161782 0.7065094807594681 0.7638520670468303 0.7031802320723413 0.7420273890780574 0.7186863072453807 0.7501225652705094 0.741561263109849 0.7611481862342696 0.7352132146786627 0.3338546678684901 0.749581186153741 0.5416220054704238 0.7262103970843138 0.6549359631282234 0.7371190466413899 0.6930569318626517 0.745834716811754 0.7418388952487162 0.3088844568680933 0.7656272795187939 0.6006372156804277 0.7532148883048402 0.6736478721739991 0.7324570003885092 0.7274408230309939 0.4011758351953633 0.7541425446015234 0.6438880402342944 0.7518866779692187 0.7346444894754091 0.2870049508988096 0.7154522579343284 0.6116675239998801 0.727343957035718 0.6789476366601128 0.2885134434108378 0.7099591947791665 0.6716438810765248 0.7240740048703457 0.7209815988365237 0.4806199372726875 0.69864375053029 0.6703126858626191 0.7363514927413509 0.722631603032817 0.6273758327659045 0.7394002917823893 0.6874649158027318 0.483108749083812 0.7171431457446181 0.6622169678525381 0.2631411253256868 0.6972883017345134 0.6599439591613074 0.6915881849634856 0.6856996910562911 0.614852487520449 0.7212679925627534 0.6991529380827602 0.5840916913531896 0.7337964703502616 0.6898267922852735 0.4937935962764188 0.6718686222092164 0.6863003757466435 0.5207466014094088 0.7143433465149295 0.6584794328702707 0.5071107357656698 0.7043644387723961 0.6774646541851096 0.5639218168206467 0.670709420719621 0.6686333768917653 0.6004459479419157 0.6692622791961015 0.690242052076623 0.6237395555871085 0.6512397952025084 0.6694690418930136 0.6347121598387879 0.2642061321964996 0.6385357294152426 0.6395122567394916 0.4662538228769792 0.6632483989252534 0.6333622109240344 0.5828850445625491 0.6608507659835349 0.6589360724124855 0.614183295910964 0.2323965304573539 0.6540428785995523 0.6305249012147046 0.4803907857992597 0.6599541250249074 0.6709169632499118 0.6116390759349373 0.1916222807394629 0.660473610484562 0.6208077979718404 0.5229097946003121 0.6492883426481298 0.6219342316059369 0.5782128988258871 0.3259149928165275 0.6351473176749285 0.6195720996776171 0.5403548364014041 0.04956459509399949 0.6279981898350793 0.5383026942101408 0.4877100417547649 0.5745177732628086 0.5681071955636804 0.5348838882087037 0.43758064512446 0.6257305523389373 0.5994264223895711 0.5271360397952299 0.32111563410402 0.5926598225475092 0.5602988265864786 0.535363027714023 0.3409202859467577 0.5796104829612645 0.5927208901944822 0.5148431489750412 0.3153289387035491 0.5910043336149995 0.5946792593316523 0.5309088282963716 0.3745455303834009 0.5793277734251049 0.5806503712791321 0.5263811661522474 0.3619247314602386 0.5785195538947978 0.570801963542905 0.5382729269756803 0.4216046768660576 0.5014052608722653 0.5699622965559595 