# Created by Octave 3.8.2, Wed Jul 15 16:50:38 2015 IST <barunpatra@Baruns-MacBook-Pro.local>
# name: cen3
# type: matrix
# rows: 3
# columns: 951
 -0.2193367223905832 0.509368917063494 -0.07311833164491899 -0.2006488352983422 -0.1764296447007496 -0.2543095177846332 -0.2040746162218366 -0.2371120526872228 -0.1880834512177028 -0.2429044668015782 -0.2518824746647014 -0.2078504195596937 -0.1590154111697685 -0.153068758452395 -0.1750077374472276 -0.2100822840997065 -0.2243905415786925 -0.01987205430211309 -0.2053064856736215 -0.277052953227426 -0.1924843193947133 -0.2559353159253817 -0.2097264367337274 -0.237083693435191 -0.2375858528053031 -0.1849535277331452 -0.2110058616873479 -0.2170204149086641 -0.1683423802745055 -0.2312328956232766 -0.2369902775865351 -0.2294366818834895 -0.1424173381207977 -0.2210065696657079 -0.1417731196354899 -0.1517963042845759 -0.1405697230783336 -0.1372066072047798 -0.1799519618855077 -0.1792797083684634 -0.1974971910666312 -0.1818335607431131 -0.1878839407118233 -0.1425635764797635 -0.1800043613066118 -0.126947825660755 -0.1904460432174472 -0.1792175021893186 -0.1608941583865905 -0.1501919356147289 -0.1975295536266415 -0.1235602914834714 -0.1597421740063096 -0.2173565693919972 -0.1697036301529134 -0.1828904325221034 -0.1894150346716028 -0.1745881819625507 -0.1521116213932862 -0.1262585516107802 -0.1619279827687826 -0.1014912170253387 -0.125732896802327 -0.1636328848735703 -0.1546683354700988 -0.1345264754961571 -0.05542259007186259 -0.1070245153145144 -0.145265936355414 -0.1454236759882509 -0.1437735577001246 -0.1259133542496072 -0.09003714139571602 -0.07106134769483653 0.07248091023048234 -0.07299280191579663 -0.09844669901418973 -0.08697071081908621 -0.143370351354833 -0.1314066505434746 -0.09236755034525022 -0.06381518006158708 -0.0823518239773683 -0.1442299042714949 -0.06441882209118241 -0.09419284141477763 -0.08424219089253998 -0.1010754965409575 -0.109391649968821 -0.1285706678122746 -0.06728990756824137 -0.04291243035460903 -0.02459267734718712 -0.01956298879660081 -0.03998364088196855 -0.01118443122171307 -0.08798086907336221 -0.114652512606523 -0.003981932076555453 -0.007309784747075596 0.02372096060705951 -0.04336152642036128 -0.06805713731282247 -0.02608816249717683 0.04250848272435131 -0.04871002833483205 0.02886510671763675 0.001280857394118064 0.07266227034352543 0.02331615163658183 0.006775091294447931 -0.02814259227957433 0.04070937604724761 -0.02759603003052601 -0.0282245866699186 0.06840402113967546 -0.03879380084169189 0.002555777589923408 0.03821190496196206 -0.05065619343932296 0.03150061374001372 0.0683646291014524 0.04080560098568543 0.07493816395452205 0.01602971603277496 0.01966249781106096 0.0475019840271674 0.02474112142326593 0.04105419008923585 0.02151102783071075 0.03900622958031344 0.03830201738305675 0.0356033056942187 0.09151588303196899 0.05048361924694036 0.1164964318958771 0.0361847698071295 0.06258137567491424 0.0558277996547006 -0.01528537585813065 0.1206089392695795 0.04833079447361644 0.130995165881377 0.1364631780973206 0.06035167952741187 0.1039671689477761 0.07342881232855182 0.1000253467954362 0.1255746533705423 0.1439450511594999 0.08165084441569287 0.09466841979618695 0.1345068507314521 0.1420113056186337 0.1542828821242859 0.1243813156693697 0.03561955789712335 0.1165099146522296 0.07096780340982506 0.1126271862528663 0.03645928384278744 0.1158091977023013 0.1467155721594172 0.09649641709718361 -0.006909697368866604 0.1048811786911827 0.116481243843659 0.04672779304483217 0.1117091277243638 0.202841123248428 0.05887288743634709 0.1731633485706833 0.1621447587600879 0.1724780862780111 0.09022349049272795 0.1783879491507087 0.1449212201854384 0.09975600462552511 0.2055943917516357 0.1582946249457715 0.1537902974230809 0.1870959504254187 0.1540422046002252 0.1203569870667043 0.1693802230989734 0.03384986982240055 0.1619088136632548 0.1799916840080188 0.1699513614723636 0.1619858532170045 0.1098485292889433 0.2530589315259557 0.1641344247849871 0.1566555859216695 0.1890242248790845 0.06046479597825297 0.2046392251044174 0.09183567672040127 0.2192582943326644 0.1994108951439511 0.2056325937217845 0.1554849826756367 0.1274362616595356 0.2295414830089563 0.1605655491757191 0.2137937209097022 0.1533281338007512 0.1740713158479451 0.1075675443487847 0.2253265171089828 0.2309294614080784 0.2124614435146594 0.2156983378633887 0.1848380189794429 0.2129914660494846 0.1499108985495488 0.2260841308160063 0.2049503051677914 0.2353558230887318 0.145627854552446 0.2041354953494857 0.2048211281807664 0.2490818207932364 0.2465865314300616 0.2048786326393645 0.1953653897236637 0.2472886485246221 0.2426155731137854 0.2506507428048163 0.2531074999278551 0.2635203887473888 0.3013273598244931 0.03412765841189627 0.347187560983376 0.1974686519647159 0.2536892057497461 0.2067430232699098 0.3115263443765691 0.3363288771018524 0.2556147732877378 0.2948345828814025 0.1092281752791849 0.290795123048726 0.2081871839021535 0.2500352735688284 0.3481247166194752 0.2512662753334447 0.3466922262155405 0.1628220812333693 0.3196755414778747 0.3027937422314543 0.3169234042757169 0.3859702750836821 0.123738489126104 0.2587247062676767 0.2524777610561872 0.2979080219496008 0.3498196865823884 0.08832696701244387 0.2691978172221918 0.3025591764528704 0.2526640552196371 0.2792128234026677 0.2025926079826457 0.3490308480595976 0.2556860012824939 0.3157086354683939 0.2803931183998631 0.2832074764638943 0.2889786725327903 0.3045525798695908 0.2516031295352085 0.3094557334960256 0.3345829111067161 0.09226112222299393 0.376377740013797 0.3499450924007236 0.3126586562911063 0.379235460627782 0.3284509093854737 0.3236569470076694 0.3073004098716249 0.3263857796611312 0.3458983919024601 0.3759468431423041 0.2984955651707056 0.3842475823317377 0.4385504161022402 0.3155009265992708 0.3095641880939748 0.4062141646811762 0.2876297504909836 0.3412564898742104 0.3073335165913308 0.3615321662905188 0.3493649199115407 0.4133326331546894 0.3482691090612119 0.3733748842977167 0.3529273894192023 0.3822581298963248 0.3340966937990168 0.3813314520863384 0.3643743300576971 0.1807051163001255 0.38954835134014 0.4276789752501736 0.3121202441119144 0.3535213644183494 0.3989239646224881 0.3676408395952467 0.3452400110304483 0.4078699932391489 0.3835234954305157 0.1447171148291302 0.4382052874501431 0.4205732781127068 0.3626644724678478 0.4162538671676488 0.4300420512023483 0.4026807070276764 0.1903758962690736 0.4339979145344717 0.4283819915487436 0.3754425234829671 0.3719478956479103 0.4166274625634662 0.448072584638918 0.2371936819269947 0.4005196994742892 0.4983530633324925 0.3632172130037347 0.07950212066385914 0.4202982777626662 0.4231002354394447 0.3782460117918571 0.4900725851139199 0.4523468856008077 0.4663149675189628 0.3315244248056895 0.3633794399389334 0.4565613078754966 0.3841921202502604 0.3091185993610654 0.4312997130411347 0.4650748497159732 0.4554270444520481 0.3290912600420529 0.5072243752846129 0.4883521316789328 0.4632337623310755 0.2911141216272752 0.4203891488121281 0.4280678543118102 0.4305765995088593 0.2830861684709559 0.3725393735279239 0.4768751582232035 0.4862189782640167 0.3763514937140536 0.4271313405256186 0.4772110299388359 0.5162882891519179 0.4015570037277147 0.4393868692904098 0.4478149002166123 0.4834273831621865 0.4447478946693694 0.1557062220615247 0.5080461331748918 0.4378145303638702 0.4032547286174036 0.3333190266885647 0.4334399591491303 0.4909295662818691 0.5185024266085695 0.4999486979822512 0.2107561028278108 0.4788991503504137 0.5106991739599017 0.4804276813309419 0.4049712060839739 0.4858938469177461 0.4837604962437161 0.4576139490931355 0.4744868381914334 0.2580767953195765 0.5370989424658076 0.5669337364871093 0.5616282231478482 0.4607549543536412 0.157994392101812 0.5378616867666138 0.4996500956054102 0.5028152056947197 0.4677470173088712 0.1530051333220319 0.5294286045341982 0.5813110620003961 0.551679474338878 0.4484554942653625 -0.2006401394138004 0.4783586408309857 0.5118452923496771 