# Created by Octave 3.8.2, Sun Jun 21 00:17:35 2015 IST <barunpatra@Baruns-MacBook-Pro.local>
# name: cost_3
# type: scalar
207.1850209342951


# name: centroid_3
# type: matrix
# rows: 3
# columns: 951
 0.829296410352603 0.7817498454104878 0.3876149927715913 0.6754479670091802 0.7540416542345536 0.858486612816011 0.6991337178180278 0.7711737141684081 0.7340240485616264 0.8328336692822982 0.8401814134353193 0.8179541441326975 0.8068982340646997 0.7709978592924642 0.7976866721696493 0.8423781503022719 0.8319866972027583 0.2816452249902191 0.7391173377963989 0.8324393197285374 0.7004171975889812 0.8514977823331114 0.7433083354383014 0.8396238073098239 0.8518124896837572 0.7724425409604038 0.80998057887833 0.870692529845366 0.8241520163523962 0.8455573101323743 0.8598305538121633 0.8468796410788311 0.8569673927101101 0.8945947755365112 0.8682978449367186 0.6984710004217921 0.8399652753108752 0.9017164587123457 0.8774232502850576 0.798783274179132 0.9222464260089197 0.6979364345751108 0.8906168023673682 0.6979362219470661 0.8778036535681594 0.773368746938243 0.8914733963090163 0.8534604712240267 0.7397472772140731 0.9014205014085206 0.9139540377385322 0.8715600770216796 0.7338794688493794 0.9042255112705899 0.8781646532978055 0.8999776304611762 0.8673169163457345 0.8751518642456373 0.876334706028307 0.8861274247597273 0.9044171413451769 0.860302639790735 0.9489081740585477 0.8728786583065875 0.9295220424529227 0.9134901590932649 0.2860974879210917 0.8154158498008576 0.8517683524988087 0.9044935303385392 0.9101047901207794 0.6589768432785781 0.8884313917991872 0.9058397016000419 0.1162292914548256 0.8976763484498543 0.9226508854109304 0.6498467435355546 0.8863882900927204 0.8996016208347043 0.8948878111674272 0.9318597550785056 0.8711284630510557 0.91845243971012 0.8560452601204588 0.9184024150711657 0.8688664637505435 0.9187803532916855 0.932025129041488 0.9337691559178048 0.9187454636568707 0.761963739715774 0.9159198323049482 0.8984600286743405 0.5664191319940369 0.9342924068486314 0.9261982358621307 0.7241181808619519 0.925044408055567 0.9251459138710647 0.8675471936614653 0.908240553081322 0.9164944965024967 0.9364736745225076 0.9081818031774357 0.7229601695151162 0.9188771998059847 0.9481521968763029 0.9304189914944053 0.9252795068032685 0.854150596084514 0.6986263461903636 0.9198183070115824 0.9312482740317755 0.9254317380433275 0.9203297405089786 0.92165851287546 0.9264395534387624 0.9109632511232035 0.9086752374710746 0.9111610186404658 0.8886121778331074 0.8942684692370649 0.8686198336791641 0.8872822441880724 0.8942052739818968 0.8999796676421241 0.9240633851329908 0.8896442656951056 0.8758319184697975 0.9325180114110065 0.9409411501007571 0.9235693198166686 0.9192489106252455 0.9262223720090722 0.920627013784979 0.918414702239046 0.9400331808950166 0.9221830888395955 0.755016800672567 0.8956188932158961 0.9192575084977813 0.9212179098940892 0.9033467633042658 0.9140954314042015 0.913539882311494 0.7435866035254534 0.8982331639661908 0.9205010525913899 0.926379872334037 0.935456420655902 0.934341311214857 0.9117381438520534 0.9129558223035509 0.929275631200933 0.9343696024398945 0.7104958177559164 0.8967953861504571 0.9332182092192303 0.933413563731238 0.5426667402194769 0.9197118318770587 0.9302368983217688 0.9239139715096669 0.8033750414172555 0.9354993346812371 0.9240351933844894 0.9243543789489354 0.9009996928141495 0.9384872104697334 0.9109757208509253 0.8801303749785254 0.9407406917457427 0.9372324123021133 0.8792516286225998 0.9420466203674815 0.915315567675438 0.8766647160010955 0.9326264123983617 0.9269968765412888 0.9007237967212736 0.9381554275029361 0.9365976424250481 0.9340458137212672 0.918496773527549 0.5866614628062028 0.9358790191137355 0.9255182226583865 0.9260746561851093 0.9236868942261028 -0.007626473563431246 0.9546723078399743 0.9107225519410066 0.8984910485478985 0.9165633776350334 0.6668780283405139 0.9112821472012764 0.9277351006737328 0.9272433121678283 0.921348825736466 0.858552572702112 0.9302174979393194 0.7857823631666965 0.9242592680687316 0.1252201044455983 0.9302773372729315 0.9275875607893223 0.9307753983595938 0.9489087843686095 0.8968673705534339 0.9423942510075954 0.9173999871731879 0.9120826292561555 0.9177130115224917 0.9306765069837857 0.9125376804605384 0.9355256339360718 0.9010168023646958 0.9421490367832133 0.923871341480647 0.932511627505889 0.9064615328589172 0.9478398010543614 0.9079790765686111 0.9444407274878479 0.9013477459789268 0.9470589760086138 0.9370766122265494 0.9384281142320489 0.9344842662297713 0.9256288681259617 0.9215458574595822 0.6249948775831951 0.9240933119713708 0.8891968078198925 0.9397824951873684 0.9149251115879503 0.9393799345812042 0.9319181341233569 0.9317632896742786 0.9021864791500162 0.6470507733557229 0.918691984744453 0.888099266405901 0.9411759212575055 0.8985137321231219 0.9396068137347251 0.9123954418002357 0.770857862168827 0.9431362031598597 0.8944319031657155 0.9424853199128228 0.9074986219627988 0.5377630116492224 0.9267922866116139 0.9073695773266007 0.9308349494346345 0.9059273827139089 0.6521201199909452 0.9327491319530252 0.9000129339606143 0.9159228663811676 0.9071177125881393 0.8268216960295863 0.9351579396291402 0.91901754287653 0.9377801038859948 0.9399738887925085 0.8775197449588467 0.9224179765432015 0.9225045447305348 0.8646963832633686 0.9203033537867199 0.880234337042191 0.6482422438990788 0.9482906873071399 0.9210529467942838 0.9374793270633758 0.945855680789021 0.8897485590144797 0.9246590239986794 0.9258564916232543 0.9002697296952583 0.9411754653664062 0.9420804389551511 0.9032277722123735 0.9365771799665423 0.9272567024012628 0.8901228250814466 0.9316571114785004 0.9367381877378294 0.9092268287034029 0.9363852110437341 0.9363604745734969 0.9176536014019289 0.9302092722644445 0.9366091844549164 0.912870946081993 0.9146773366010333 0.9306728472333264 0.9269474663782289 0.9419935355482549 0.9419105154221388 0.9200198291605269 0.6920209417399776 0.9362088388444189 0.9378412287009181 0.8750192571507101 0.920141236963226 0.9361669143466026 0.9171838294330398 0.9292531780997265 0.9299872578466843 0.9206111885346612 0.6949944933172075 0.9162489095505156 0.9250164146509126 0.8973118218225589 0.9264194924714034 0.9149122017067416 0.9286086941821652 0.5827710074616735 0.932084209155414 0.9240252559534842 0.9048576099720509 0.913861341722869 0.9346931734030477 0.9282874674215276 0.8176734230180881 0.9419519237227952 0.9236500744908847 0.9298418802081732 0.06698853263240091 0.9361406287569025 0.9061095624608515 0.883476719595105 0.9144180112498163 0.9164843134702939 0.9039066906858 0.856408778676085 0.9283604567402898 0.9300691034299184 0.9266436648908174 0.8434329362412974 0.9228663666400443 0.9218265499524206 0.9165143023290996 0.7983104747908766 0.9289024430168601 0.917653896048371 0.867770161838015 0.836205420476641 0.9091211440953316 0.9282684132211843 0.88390788572187 0.8466777498633887 0.9112816403366359 0.9243878152250725 0.9301023837495572 0.8724690356862768 0.9286589547848468 0.9153519048610794 0.9200718300634662 0.9170247840711818 0.9086772340772961 0.9111202568376697 0.9221060293827626 0.8905460251234415 0.6265910724108925 0.9137407577940985 0.9287008561350234 0.9243167446580575 0.8465628651945631 0.9309569664725614 0.9316721894474216 0.9155125104911516 0.9081880205392872 0.5472853862474354 0.9385211583785289 0.9127945945769583 0.8989547783351514 0.8546281853824321 0.9179704329066424 0.9449969719440321 0.934395916490307 0.8778299864287326 0.7720848883008684 0.9103636345237398 0.9429215171063734 0.9352944552107427 0.9064977250437096 0.5236117447886761 0.8996321051934052 0.9135037636513637 0.9015912636309474 0.8598874790227223 0.07844655813697071 0.9312147562049783 0.9154014928153257 0.9107082534637374 0.8808623448219139 0.6585822764821132 0.9273243173356347 0.9348519427633485 0.936916157399327 0.9161764078216278 0.8805103191707589 0.0917805477521734 0.9213225297437433 0.9315296693479553 0.905495934313533 0.8521895448725418 0.5410084463858895 