# Created by Octave 3.8.2, Wed Jul 15 17:39:18 2015 IST <barunpatra@Baruns-MacBook-Pro.local>
# name: AllData
# type: matrix
# rows: 264
# columns: 5
 1042519 306721 305162 215404 215232
 1860725 501834 498348 436953 423590
 1669696 360022 369447 466849 473378
 1765118 486862 489003 393280 395973
 1830023 567623 564241 347436 350723
 580076 200544 195711 92306 91515
 1664957 573429 568290 264573 258665
 3573470 932363 935838 853808 851461
 816394 249211 240560 163703 162920
 4641652 1142742 1141382 1177437 1180091
 1667825 505397 514075 321273 327080
 1751377 439338 444338 434571 433130
 2178400 562096 558001 531003 527300
 1551335 440779 436095 338100 336361
 1137944 267895 269497 302334 298218
 1643831 498514 501121 320426 323770
 1230230 367242 363789 249244 249955
 1738505 504060 506377 359442 368626
 4411532 758552 758368 1444614 1449998
 1111523 393194 395984 162512 159833
 4215606 1188073 1193137 915112 919284
 2648577 436533 437182 886497 888365
 412344 69913 67444 137552 137435
 910681 323079 327196 129646 130760
 751719 280368 279665 97293 94393
 1641481 571694 568338 249577 251872
 1229784 363689 367112 249834 249149
 2679305 604049 663956 742984 668316
 1226564 366268 362538 248454 249304
 2961116 769234 779567 708931 703384
 1072311 284004 285246 253583 249478
 6264404 1056134 1038950 2066633 2102687
 640681 237522 234580 84757 83822
 4202352 1186019 1180514 925612 910207
 1564906 425441 419696 361266 358503
 2014239 323335 322973 682933 684998
 1072931 320444 319696 217093 215698
 5521804 1369964 1366445 1391726 1393669
 2365589 765914 763927 420487 415261
 2257487 673927 671425 462076 450059
 3268203 687041 692247 950202 938713
 7036071 1311256 1309887 2190091 2224837
 1584804 478011 474163 317147 315483
 5498450 1361495 1358200 1392518 1386237
 4016947 661121 655876 1347429 1352521
 1852441 572333 566669 360090 353349
 2814816 940453 949879 462518 461966
 2992245 955581 965824 536709 534131
 4403662 757091 757355 1441348 1447868
 2878529 963175 968957 474631 471766
 963879 356479 350656 128245 128499
 5339179 850606 853819 1825282 1809472
 4773551 759492 763273 1638033 1612753
 4086189 659351 659647 1388992 1378199
 2154939 471539 465217 605261 612922
 2488635 578357 579393 665651 665234
 1469720 374051 377707 362333 355629
 3570858 659017 657108 1127109 1127624
 3814128 742337 747557 1164291 1159943
 1698955 518691 530915 334825 314524
 3397753 1048939 1048510 651691 648613
 4829781 743358 739452 1671200 1675771
 4345492 746434 746982 1423006 1429070
 2153922 506423 512605 568286 566608
 6181863 1186504 1192024 1913381 1889954
 2343476 605115 606745 567276 564340
 2809422 943447 943992 463989 457994
 2902619 969147 981205 475775 476492
 2799802 938498 941559 462759 456986
 2843201 881542 884832 533662 543165
 1995281 573164 570920 425722 425475
 2905187 903183 896835 549039 556130
 2616530 872867 902413 414456 426794
 3304560 602607 600762 1047576 1053615
 1267782 408603 412478 222390 224311
 2160842 653879 649168 430999 426796
 3940880 1362274 1359858 610982 607766
 3654135 681065 680870 1141634 1150566
 2841580 581214 573172 835436 851758
 2075577 422185 423079 613577 616736
 2038615 615270 613689 406018 403638
 1268755 427325 429861 207088 204481
 2694756 900901 910333 444673 438849
 2272360 550006 551456 590161 580737
 2184406 524179 528505 566118 565604
 4653728 1219520 1217353 1114185 1102670
 9025608 1327820 1315189 3189989 3192610
 4857432 1160904 1159904 1268216 1268408
 4809037 1150204 1153675 1254485 1250673
 2944528 914202 911964 555061 563301
 3011208 941651 942192 559189 568176
 5205140 1477686 1479324 1125395 1122735
 6413771 1878490 1883344 1328123 1323814
 3716413 608615 616427 1252933 1238438
 2117136 452846 454173 607001 603116
 1177785 251795 250672 338717 336601
 1173390 357265 355887 229757 230481
 2222430 544397 536537 576579 564917
 3031430 1060154 1105316 419228 446732
 1908256 565156 565106 389365 388629
 3309401 764350 764254 886255 894542
 2174499 779395 804693 286087 304324
 1895017 581202 583350 366288 364177
 1694969 329926 328414 515869 520760
 5751492 1638004 1658700 1226378 1228410
 2689445 837915 841081 504663 505786
 8667507 1203558 1213059 3129638 3121252
 4096345 1201032 1195948 850357 849008
 5076172 889264 883916 1652127 1650865
 5223909 1685097 1680213 930859 927740
 5373180 1667446 1663634 1022986 1019114
 4109437 735036 735201 1323143 1316057
 1777831 621543 617496 268221 270571
 5175554 912042 911208 1674018 1678286
 2820462 942249 952267 463710 462236
 5227293 1685374 1692668 919244 930007
 641454 240402 238568 82092 80392
 1900521 579320 587739 365155 368307
 4600755 1200303 1208599 1101384 1090469
 2593857 598906 596397 699842 698712
 2160267 697104 693101 383802 386260
 7074893 1305352 1290785 2232065 2246691
 3630528 1165552 1169556 647106 648314
 2256640 450756 449196 678421 678267
 2107794 451240 450600 600995 604959
 1207381 257119 258235 344944 347083
 4607196 1133784 1128831 1167963 1176618
 4338762 1411252 1408287 763313 755910
 359372 116390 116687 63523 62772
 697724 270801 270082 78228 78613
 4969803 1343980 1341654 1143548 1140621
 2032925 639549 644677 371780 376919
 2211485 713263 710327 393568 394327
 3147090 579149 580869 995753 991319
 5231148 1297551 1293044 1319228 1321325
 1358633 503354 505872 174838 174569
 3281861 875259 882154 765292 759156
 1844830 487069 488504 434314 434943
 2499279 837991 859140 396707 405441
 9105828 1635170 1637521 2917689 2915448
 615980 228624 231258 78130 77968
 5064019 1244797 1238227 1290827 1290168
 925938 245144 251955 214853 213986
 1144377 344322 343833 227274 228948
 2519802 605295 609845 659450 645212
 2799251 988498 1005988 394694 410071
 3308273 917534 919653 734000 737086
 927303 252206 245459 213258 216380
 6397126 1331273 1330003 1866317 1869533
 3288558 893352 902673 745919 746614
 1877212 511466 514402 424632 426712
 1894275 585206 578821 369450 360798
 4791950 1146820 1150839 1250672 1243619
 6260361 1781431 1797168 1345482 1336280
 3218031 1001312 1009076 602036 605607
 5411809 1752042 1750447 955639 953681
 4599326 1131104 1126890 1168009 1173323
 2812094 698455 687396 699395 726848
 1012800 349623 344450 159490 159237
 1197687 301325 300361 295247 300754
 1799146 579214 573476 318316 328140
 7145576 1602838 1583854 1964134 1994750
 1751080 558121 554828 319531 318600
 1225935 366008 362489 248232 249206
 705557 257092 255261 100139 93065
 2434428 491716 496355 723394 722963
 2410872 618261 569340 591781 631490
 1657990 571468 575875 254485 256162
 4751080 833221 837556 1539977 1540326
 2110355 541903 545816 517215 505421
 4659019 887941 882586 1443945 1444547
 5688987 1626292 1626366 1204636 1231693
 3354505 899237 898397 777419 779452
 1857073 487788 492484 437594 439207
 490885 167981 167983 77560 77361
 452156 85392 85034 141349 140381
 1516355 552517 547162 205482 211194
 5459213 952760 955882 1778169 1772402
 853089 310963 305309 117861 118956
 1992676 654687 648299 348685 341005
 3782950 932069 934987 959802 956092
 1211703 456492 464819 144304 146088
 5928787 1240097 1249103 1724005 1715582
 1661137 559092 552203 275635 274207
 4595065 1201387 1204126 1098200 1091352
 4277185 1389947 1388105 747263 751870
 350181 113532 114152 61604 60893
 1894877 290642 288484 659053 656698
 2414445 786304 789905 420172 418064
 1545895 494440 495390 275829 280236
 5228663 1685622 1693169 919481 930391
 1581384 487235 480622 303531 309996
 1931047 604680 588121 365332 372914
 5237681 1688312 1694950 923133 931286
 3598621 1072579 1071135 730970 723937
 793224 288776 290115 106590 107743
 2560265 510718 513113 767341 769093
 1899877 579618 585289 366567 368403
 2584158 418687 416615 874000 874856
 3523383 948745 925300 816327 833011
 1111496 394937 395121 158477 162961
 4744671 1241317 1244398 1135080 1123876
 904246 322418 325883 126985 128960
 3566135 559574 557753 1223020 1225788
 4222597 1133567 1138427 975561 975042
 5300915 1711161 1715780 933029 940945
 2314078 664918 664798 487814 496548
